Algorithm: DFS

Try number: 1
Start: 689
Goal: 2849
Path: 689 3878 4155 4383 4511 3876 3377 4031 3771 3414 4311 4359 4989 3996 4040 4415 4007 4845 2719 3477 4163 4421 4528 4928 3956 4853 4115 4759 4372 4739 3927 4782 4439 4143 1357 4315 4721 4047 1882 2687 4381 4791 4238 4730 3585 4870 2565 4422 4808 4742 2558 3614 4152 4715 2805 1623 3786 4943 4566 4581 4343 4305 4023 4783 4729 4391 4149 2661 3640 4295 4170 4373 4999 4710 3831 4810 3810 4718 4720 4854 4034 4831 4303 4450 4261 4917 4072 4855 3739 4036 4061 4947 4087 3790 4033 4426 4687 4763 4712 4369 4945 4886 2285 3274 4454 4084 3953 3062 2849 
Distance: 268681.6633
Execution Time: 102.0000ms

Try number: 2
Start: 4986
Goal: 2284
Path: 4986 4846 4671 4199 4765 4455 4614 4406 4927 4691 4716 3579 4471 4768 4958 4059 4427 4558 4105 4054 4175 3951 4678 4725 4123 3178 4724 3027 3638 4946 4085 3558 4486 3051 4918 4161 4773 4528 4928 3880 4799 4869 4446 4142 4518 3252 4452 4207 4942 3851 3145 4967 2069 4729 4783 4366 4775 3397 4887 4369 4945 4886 2285 3274 4454 4084 3953 3850 4721 4315 4035 4935 2284 
Distance: 163839.7281
Execution Time: 73.0000ms

Try number: 3
Start: 4115
Goal: 4202
Path: 4115 4853 3451 3191 3581 3939 4764 4693 3024 4725 4678 4025 4109 4543 4654 4944 3718 4821 4167 3782 4790 4182 4433 3666 4535 4463 4150 4598 4945 4886 2285 3274 4454 4084 3953 3850 4721 4315 4035 4935 4647 3716 4151 4321 4729 4783 4366 4775 3397 4887 4215 4591 3023 4806 3837 4230 3031 4927 4691 4716 3579 4471 4768 4958 4059 4427 4558 4105 2580 4782 4439 4143 3865 4191 3528 4026 4542 2813 4765 4199 4671 4846 4144 3902 4247 4165 4055 4503 4263 4608 2406 2870 4838 3155 741 4623 3919 4931 3999 4310 4108 4519 4662 4811 3975 4469 3727 3802 4991 3748 4911 4975 4042 4929 4529 3801 2646 4434 4566 4943 3806 4304 3918 3878 3042 4523 4223 4822 3492 4534 3834 4502 4670 4885 4941 4053 4161 4918 3678 1971 4188 4926 2460 4823 3967 4202 
Distance: 357058.1993
Execution Time: 149.0000ms

Try number: 4
Start: 4934
Goal: 4009
Path: 4934 3842 4239 4592 4319 4302 3021 3606 4805 4121 4606 4622 4935 4647 3716 4151 4321 4729 4783 4366 4775 3397 4887 4369 4945 4886 3068 4902 4932 3260 4186 4043 4939 4335 4120 2863 3419 4772 3559 4032 4711 3911 3530 3982 2537 4135 3939 4764 4693 3024 4725 4678 4025 4109 4543 4654 4944 3718 4821 4167 3782 4790 4182 4433 3666 4535 4463 4150 4414 2929 3394 4371 4938 4983 4423 2616 4692 3338 4630 4027 4435 3555 4930 4910 3977 4103 3905 4719 3763 2951 3843 3661 3931 1415 3536 1716 4959 4814 4312 4839 4950 4762 4662 4811 3975 4469 3380 4425 3891 4894 4951 4038 3781 1971 4188 4926 4429 3834 4534 3747 4717 3895 3760 4668 3061 2115 4320 399 3887 2847 4322 2271 4991 3802 2839 3890 4110 4885 4941 4053 4161 4918 2500 1928 4029 3853 4183 4771 3786 4943 4566 4581 3969 4948 3566 4235 4374 3031 4927 4691 4716 3579 4471 4768 4958 4059 4427 4558 4105 4054 4175 3498 4879 3230 3075 4781 4261 4450 4303 4831 4034 4854 4720 4718 3934 1998 3762 4452 4207 4942 3851 3892 2199 3223 4057 4036 4382 3616 2844 4419 4375 4129 4169 4190 2572 4928 3775 4529 4929 4042 4975 4911 4740 4370 3557 3714 4533 4639 4294 4170 4373 4999 4710 3831 4810 3538 457 3393 2655 4845 3635 1574 3350 2918 4145 3620 4580 3933 3407 3778 318 2453 3918 4304 3917 4223 4822 3135 4127 4895 4334 3681 4982 4086 1556 4677 4638 3342 4722 3580 3839 3174 4351 4741 4713 3907 4966 3845 4030 3087 3862 3531 4742 2558 3319 2962 4026 3528 3030 3993 2840 4527 4119 1561 3743 3835 4871 3888 2515 677 2652 3935 4933 3152 4439 4782 3927 3830 3793 3395 4485 4903 1607 4262 4051 4286 4974 2954 2985 4310 4238 4791 4381 4131 4615 3623 3343 3219 3942 4247 4165 4055 4759 4372 3779 3615 4174 3079 4565 3289 4307 565 3247 4122 321 3824 3188 4232 1955 3936 3577 1822 2823 2419 4715 2543 2963 3235 3261 2622 2258 669 4392 2353 3794 4743 3638 4946 4085 3558 3254 3797 3450 2385 4314 3551 4813 4358 4494 3803 3943 2206 4666 4679 1727 3622 4815 3474 2977 4096 4428 3829 4333 2565 4870 2417 4383 4511 2612 3169 4524 4436 4070 3823 3540 4046 3274 4454 4084 3478 3293 3526 4893 4316 2375 4144 4846 4671 2683 4521 2387 1782 3601 3991 3702 4185 3511 1453 2006 1653 3127 4949 2182 3453 1381 2501 3019 4009 
Distance: 1087122.0133
Execution Time: 888.0000ms

Try number: 5
Start: 2688
Goal: 558
Path: 2688 3759 4121 4805 3606 3449 4527 2840 3993 3030 3528 4191 3865 4143 4439 4782 3927 4739 4372 4759 4115 4853 3451 3191 3581 3939 4764 4693 2126 4033 4426 4687 4763 4712 4369 4945 4726 3967 4823 2549 4950 4839 4574 4769 4430 4551 4599 3609 3843 3661 3931 2737 3833 4935 4647 3716 4151 4321 4729 4783 4366 4775 3383 2506 2682 4002 4185 4065 2981 4042 4975 4911 4740 4370 3557 3714 4533 4639 4294 4714 3519 3887 2847 4322 2297 3135 4822 4223 4523 3438 4855 3420 2997 2803 4342 4983 4938 4418 3751 4941 4885 4695 4161 4918 3678 2187 3998 4869 4799 4422 4808 4742 3531 3862 3087 4030 3845 4966 3907 4713 4741 4351 4495 4767 4530 4318 4323 4317 3121 4153 4690 4188 4926 4733 4662 4811 3975 4469 3727 3802 2839 3890 3710 4271 4453 4215 4591 1897 4061 4947 4087 3916 4450 4303 4831 4034 4854 4720 4718 3934 3101 4447 3915 4750 4471 4768 4958 4059 4427 4558 4105 2430 3601 4731 3371 4535 558 
Distance: 458009.8641
Execution Time: 178.0000ms

Try number: 6
Start: 666
Goal: 416
Path: 666 3745 3220 4944 4654 4543 4109 4025 4678 4725 4123 3178 4724 3027 3638 4946 4085 3558 4486 2906 4186 4043 4939 4335 4120 2863 4726 4945 4886 3068 4902 4932 2684 3731 4721 4315 4035 4935 4647 3716 4151 4321 4729 4783 4366 4775 3397 4887 4215 4591 3023 4806 3837 4230 3031 4927 4691 4716 3579 4471 4768 4958 4059 4427 4558 4105 4054 4175 2026 4812 3038 4714 4294 4639 4533 3909 4134 4096 4428 3829 4333 2565 4870 3117 4854 4720 4718 3934 3101 4447 3915 3960 4313 3792 4710 4999 4373 3009 4407 3143 2103 4878 3970 3907 4966 3845 4030 3087 3862 3065 4452 4207 4942 3851 3892 2528 4358 4813 3551 4314 4901 4894 4951 4038 3781 2223 4737 4420 3663 3555 4930 4910 3977 4103 3905 4044 3930 2476 4938 4983 4423 3278 4613 4702 4990 2471 4566 4943 3806 4304 3918 3454 4928 4528 4903 4485 3395 3793 3863 3110 4574 4839 4950 4762 2615 4893 4316 2375 4144 4846 4671 4199 4765 2813 4542 4026 3528 4191 3865 2655 4845 2719 3477 4163 4116 2802 4370 4740 3914 2113 3940 4142 4518 2968 4677 4638 3342 4722 3580 3634 4061 4947 4087 3916 4450 4303 4831 3036 3452 4332 3456 2894 4771 4183 4231 3791 3686 2498 4053 4941 4885 4670 4502 3834 4534 3747 4197 4127 4895 4334 3681 4982 4086 2130 3570 3448 4529 4929 4042 3409 4807 3913 2780 4525 3380 4469 3975 4155 4383 4511 1878 4166 2527 3815 3647 2765 2854 4550 2928 4948 3969 4462 4206 3893 4998 2723 4521 2387 1782 3601 4731 2475 4522 4239 4592 4319 4278 4131 4615 3623 3343 3219 2958 1746 2063 3666 4535 4463 4150 4414 2929 3394 4117 3616 4382 2903 3089 3358 4727 4687 4763 4712 2607 1919 4029 3198 2971 2701 2039 3838 4551 4599 2529 4805 2287 4531 3172 3888 2047 4287 4869 4799 3378 4689 2079 1830 2087 2982 4439 4782 3927 4739 4372 3236 2551 2785 4579 4734 2746 2066 3641 4723 2657 3520 4821 4167 3782 4790 4182 3655 4077 4614 4246 4703 3501 4814 4959 1854 2750 2636 4733 4926 4188 3249 4711 4032 3690 4154 3446 2349 3993 2840 4527 3449 3418 1955 3936 2698 4051 4286 4530 4767 4495 4351 2848 4330 3140 4174 3079 4565 3289 3091 2804 3814 4169 4129 4375 4519 4108 4310 1785 3078 4692 3338 4630 4027 2029 4084 4454 3274 4046 2298 4989 4359 4311 3414 2374 4532 3214 3569 2710 4479 4368 4631 2717 2271 4991 3802 2714 4185 2759 4863 2123 2583 4791 2862 2485 4295 2790 3191 3581 2036 2829 3679 1956 3090 2027 2564 2146 3438 4855 3420 2570 3107 2731 1877 3971 3493 4781 3075 3230 416 
Distance: 1161387.5876
Execution Time: 1196.0000ms

Try number: 7
Start: 890
Goal: 1314
Path: 890 3542 4741 4713 3907 4966 3845 4030 3087 3862 3531 4742 4808 4422 4799 4869 4446 4142 4518 3252 4452 4207 4942 3851 3892 2199 3223 4057 4036 4382 3616 4117 3746 4383 4511 3381 4930 4910 3977 4184 3794 4743 3638 4946 4085 3558 4037 3395 4485 4903 4528 4928 3775 4529 4929 4470 4935 4647 2410 3038 4812 2835 3679 2110 4371 4938 4983 4423 3278 4613 4702 4990 2944 3579 4716 4691 4927 4406 4614 4246 4703 3501 4814 4312 4839 4950 4762 4662 4811 3975 4469 3727 3802 4991 3748 2808 3039 4919 4438 3939 4738 4111 4426 4687 4763 4712 4369 4945 4726 3967 4358 4813 3551 4314 4901 4894 4951 4038 3781 2986 4798 3636 4982 4086 2108 4132 4720 4854 4034 4831 4303 4450 4261 4917 3082 4463 4535 3666 2063 4717 3895 3760 4668 3061 3413 4821 4167 3695 3983 2857 3055 3743 3100 2671 3127 4949 4478 4847 3613 2873 4390 2716 4451 4666 3058 3728 4025 4678 4725 4123 2602 4070 4436 4524 4434 4566 4943 3806 4304 3918 3878 3610 4006 4558 4427 4059 4958 3340 4862 4071 4597 3662 4934 3842 4239 4592 4319 4302 2279 3188 4232 1955 3936 3577 2415 4677 4638 3342 4722 3619 3795 4740 4370 3557 3714 4533 4639 4294 4170 4373 4999 3218 3533 4944 4654 4543 2911 3134 4439 4782 3927 4739 4372 4759 4115 4853 3451 2103 4878 2323 3430 4432 2660 4270 2246 4096 4134 3337 4846 4671 4199 4765 2813 4542 4026 3528 4191 3865 3189 4145 3620 4580 3933 1794 3298 3640 2951 3843 3150 4311 4359 4989 2935 2924 4975 2686 3040 2854 4550 2928 4948 3969 4462 4206 3893 4998 2861 1990 4947 4087 2462 4510 4582 4015 4053 4941 4885 4670 4502 4121 4805 3606 1886 4425 3439 4565 3289 4307 2346 4721 4315 3694 2793 4615 3623 3343 3219 2958 3646 2713 4325 3995 3262 3691 2179 4523 4223 4822 3492 4534 3276 4730 2511 4723 3641 4262 4051 4286 4530 4222 4060 3913 4807 3013 3519 3887 4023 4783 4729 4391 4149 3749 2805 4715 2416 2129 2792 2324 3093 3493 3258 3735 4932 4902 2783 2557 4043 4186 3590 2060 1938 4234 3379 4771 4183 4231 3791 2366 2647 3209 3607 2672 4306 3693 4430 4551 4599 3095 2196 4933 3935 2652 3249 4711 3279 3311 3903 4235 4374 2804 2758 3500 4761 1798 4646 4189 4665 2739 2325 3335 4447 3101 2421 4215 4591 3023 4806 3837 4230 2624 2642 2113 2351 3952 4171 2218 2478 2140 4689 3060 2883 3270 3665 3003 4084 4454 3274 3825 3598 1942 2746 4734 4579 3510 2688 2338 2070 3210 3622 4815 3474 2895 3339 1314 
Distance: 1182815.4012
Execution Time: 1257.0000ms

Try number: 8
Start: 4085
Goal: 4127
Path: 4085 4946 4052 4590 3643 4934 3842 4239 4592 4319 4302 1823 4965 4106 4045 4763 4712 4369 4945 4886 3068 4902 4667 3388 4185 4065 3242 4690 4188 4926 4733 4662 4811 3975 4469 3380 4525 3939 4764 4693 2126 4033 4426 4111 3909 4533 4639 4294 4714 3519 3887 4023 4783 4729 4391 4149 3749 3844 4983 4938 4418 3751 4941 4885 4695 4161 4918 3678 2899 4782 4439 4143 3865 4191 3528 4026 4542 2813 4765 4199 4671 4846 4144 3902 4247 4165 4055 4759 4372 4739 2614 3502 3002 4810 3831 4710 4999 4373 3011 4003 4271 4453 4215 4591 3023 4806 4622 4935 4647 3716 4151 2973 4127 
Distance: 298440.7618
Execution Time: 100.0000ms

Try number: 9
Start: 1091
Goal: 4307
Path: 1091 4823 3967 4726 4945 4886 2285 3274 4454 4084 3953 3850 4721 4315 4035 4935 4647 3716 4151 4321 4729 4783 4366 4775 3397 4887 4215 4591 3023 4806 3837 4230 3151 4725 4678 4025 4109 4543 4654 4944 3718 4821 4167 3782 4790 4182 4433 3666 4535 4463 4150 4414 2929 3394 4117 3616 4382 4036 4061 4947 4087 3916 4450 4303 4831 4034 4854 4720 4718 3934 3101 4447 3915 4750 4471 4768 4958 4059 4427 4558 4105 4054 4175 3498 4879 3230 3855 2873 4390 2716 4764 4693 2126 4033 4426 4687 4763 4712 3022 4183 4771 3786 4943 4566 4581 4343 4305 4005 3270 3665 3997 4415 4007 4845 3635 2470 4919 4438 4308 4930 4910 3977 4103 3905 4719 3763 3998 4869 4446 4142 4518 3252 4452 4207 4942 3851 3892 2199 3497 4939 4043 4186 3600 4927 4691 4064 4316 4893 3526 3293 4118 3327 3886 2603 2228 4519 4662 4811 3975 4469 3727 3802 4991 3748 4911 4975 4042 4929 4529 3801 2646 3141 4052 4946 4085 3558 4486 3051 4918 4161 4773 2986 4798 3636 4982 4086 2130 3100 3743 3055 2210 4342 4983 4938 4418 3751 4941 4885 4670 4502 4121 4805 3606 3449 4527 4119 1874 3573 3591 3334 4094 3879 3990 3845 4966 3015 3780 2184 4932 4902 2783 2957 3910 3730 3199 1907 3333 3637 4168 4894 4951 4038 3489 4522 4239 4592 4319 4278 4393 3823 4070 4436 4524 2556 3995 4325 3864 4689 4686 4950 4839 4574 2764 2982 4439 4782 3927 4739 4372 4759 4055 4503 4263 2351 4029 3198 3917 4304 3918 3454 4928 3680 4738 3690 4032 4222 4530 4767 4495 4351 3174 3839 3005 3662 4934 3670 2647 3209 3607 4421 4163 4116 2802 4370 2106 2804 4374 4235 4159 4549 2191 3792 4710 4999 4373 3009 3895 3760 4668 3061 2788 2918 4145 3620 3423 3108 4359 4311 3414 2847 4322 2297 3135 4822 3492 4534 3747 3018 2740 4187 2920 4692 3338 4559 3287 2229 4781 3493 3258 4238 4791 3102 3486 4294 4714 3519 3013 4807 3913 2780 4525 2497 3942 4247 3902 4144 4846 3337 4004 3717 2763 2875 4677 2885 3182 4324 3382 4903 4485 3395 3793 3863 2511 4663 2766 3053 4878 3970 3217 2586 4169 4190 1947 4523 3438 4855 2592 4703 4246 1962 3888 4871 2771 4579 3510 2775 2527 3815 3647 2765 3255 2206 4724 3178 2429 4646 4189 4665 2739 2325 2950 2283 2817 4815 3474 2977 2905 2869 4501 2891 3554 4479 4368 3257 3500 3215 4126 2198 2036 2738 2065 3180 1893 3791 2056 3535 3787 3359 2604 3289 4307 
Distance: 1153855.9413
Execution Time: 1349.0000ms

Try number: 10
Start: 2498
Goal: 285
Path: 2498 4053 4941 4885 4695 3813 3836 4902 4932 3260 4806 4622 4935 4647 3716 4151 4321 4729 4783 4366 4775 3397 4887 4369 4945 4726 3967 4823 2460 4926 4733 4662 4762 4950 4839 4574 4769 4430 4551 4599 3609 3843 3661 3931 2737 3035 3092 4579 3510 3890 3710 4271 4453 3492 4822 4223 4523 3438 3966 4380 3065 4452 4207 4942 3851 3892 2199 3497 4939 4335 4120 2660 4525 3939 4764 4693 3024 4725 4678 4025 4109 4543 4654 4944 3718 4821 4167 3782 4790 4182 4433 3666 4535 4463 4150 4414 2260 4581 4566 4943 3806 4304 3918 3878 4155 4383 3746 4309 4131 4615 3623 3938 4121 4805 3606 3449 4527 2840 3993 3030 3528 4191 3865 4143 4439 4782 3927 4739 4372 4759 4115 4853 3451 2103 4878 3970 3217 2722 4895 4334 2747 4999 4710 3831 4810 3810 4718 3934 3789 4613 4702 4990 3776 3554 4479 4368 4631 2717 4425 3891 4894 4951 4038 3781 2986 4798 3636 4982 4086 3844 4983 4938 4371 3529 4575 2189 4717 3895 3760 4645 3040 2854 4550 2928 4948 3566 4235 4374 3031 4927 4691 4716 3579 4471 4768 285 
Distance: 508710.6060
Execution Time: 199.0000ms

Try number: 11
Start: 735
Goal: 2920
Path: 735 4581 4566 4943 3806 4304 3918 3878 4155 4383 4511 3381 4930 4910 3977 4184 4351 4741 4713 3907 4966 3845 4030 3087 3862 3531 4742 4808 4422 4799 4869 4446 4142 4518 3252 4452 4207 4942 3851 3892 2199 3223 4057 4036 4382 3616 4117 3394 4371 4938 4983 4423 3278 4613 4702 4990 2944 3579 4716 4691 4927 4406 4614 4455 4765 4199 4671 4846 4144 3902 4247 4165 4055 4759 4372 4739 3927 4782 4439 4143 3865 4191 3528 4026 4004 3717 3038 4812 2835 3631 4982 4086 2130 3100 3743 3126 4946 4085 3558 4037 3395 4485 4903 4528 4928 3775 4529 4929 4470 4935 4622 4806 3837 4230 2624 3090 2212 4332 3456 2894 4771 4183 4231 3791 3804 4726 4945 4886 3068 4902 4932 2684 3295 4623 3919 4931 3999 4310 4108 4519 4662 4762 4950 4839 4574 4769 4430 4551 4599 3095 2436 4805 4121 4502 3834 4534 3747 4717 3895 3760 4668 3061 3807 4111 4738 3939 4525 3380 4425 3891 4894 4951 4038 3781 2986 4798 2678 4151 3621 4590 3039 4919 2470 4638 4677 2885 3182 4324 2478 4188 4926 3729 4558 4427 4059 4958 4768 2378 3098 4033 3790 4087 4947 1990 4126 3215 3733 3799 3303 3785 4169 4190 1947 4523 4223 4822 3135 4127 4895 4334 2319 4164 3751 4941 4053 4161 4918 3678 2605 4975 2924 3520 4821 4167 3695 3175 4687 4763 4712 2598 4751 4665 3457 4070 4436 4524 2135 2604 3359 3936 3577 2139 1890 1942 2746 4734 4579 3510 2775 2085 3000 4974 4286 4530 4767 3533 4944 4654 4543 4109 4025 4678 3951 4750 3915 4447 3335 3246 4781 4261 4917 3082 4463 4535 3253 1879 3871 3665 3997 4415 4007 4845 2719 3477 1949 3608 3617 4043 4939 4335 2873 4390 2716 4451 2094 3274 4454 4084 3953 3850 4721 4315 3694 2793 4615 2920 
Distance: 809669.0439
Execution Time: 466.0000ms

Try number: 12
Start: 181
Goal: 3902
Path: 181 3826 4854 4720 4718 3934 3101 4447 3915 4750 4471 4768 4958 4059 4427 4558 4105 4054 4175 3498 4879 3230 3855 2873 4390 2716 4764 4693 3024 4725 4678 4025 4109 4543 4654 4944 3718 4821 4167 3782 4790 4182 4433 3666 4535 4463 4150 4598 4945 4726 3967 4823 2460 4926 4733 4662 4811 3975 4469 3727 3802 4991 3748 4911 4975 4042 4929 4529 3801 2646 4434 4566 4943 3806 4304 3918 3878 3610 3227 2318 3463 3369 3022 4712 4763 4687 4727 4110 4885 4941 4053 4161 4918 3678 2899 4782 4439 4143 3865 4191 3528 4026 4542 2813 4765 4455 4614 4406 4927 4691 4716 3574 4735 4815 3622 2268 4623 3919 4931 3999 4310 4238 4791 4381 4131 4615 3623 3938 4121 4805 3606 3449 4527 4119 1874 3573 3591 3334 4214 4308 4930 4910 3977 4184 4351 4741 4713 3907 4966 3845 4030 3087 3862 3531 4742 4808 2112 2206 4724 3027 3638 4946 4085 3558 4037 3395 4485 4903 3382 4324 3182 2904 4807 3913 4060 4287 4869 4799 3378 4689 4686 4950 4839 4574 4769 4430 4551 4599 3609 3843 3661 3931 2737 3833 4935 4647 3716 4151 3621 4590 3039 4919 3137 3196 3814 4169 4190 2572 4928 2617 2841 4263 4608 2406 2870 4838 2519 2995 4450 4303 4831 3036 3452 4332 3456 2894 4771 3572 4318 4530 4767 4449 4126 3215 3500 4761 3103 3223 4057 4036 4382 2903 3089 3486 4294 4639 4533 3909 4134 3337 4846 4144 3902 
Distance: 645691.0837
Execution Time: 314.0000ms

Try number: 13
Start: 61
Goal: 757
Path: 61 4771 4183 4231 3791 3804 4726 4945 4886 3068 4902 4932 3260 4806 4622 4935 4647 3716 4151 4321 4729 4783 4366 4775 3397 4887 4215 4591 1900 4331 2979 2855 3463 4367 4566 4943 3806 4304 3918 3878 4155 4383 3746 4309 4131 4615 3623 3938 4121 4805 3606 3689 2705 4927 4691 4716 3579 4471 4768 4958 4059 4427 4558 4105 4054 4175 3951 4678 4725 4123 3178 4724 3027 3638 4946 4085 3558 4486 2906 3933 4580 3620 4145 2918 3458 4510 4582 4125 2790 4295 4170 4373 4999 4710 3831 2422 4524 4436 4070 3823 4393 3110 4574 4839 4950 4762 4662 4811 2078 4767 4530 4318 4323 4317 2246 4270 2965 4087 4947 4061 4036 4382 3616 3609 4599 757 
Distance: 318117.0962
Execution Time: 126.0000ms

Try number: 14
Start: 3496
Goal: 2804
Path: 3496 4623 3919 4931 3999 4310 4238 4791 4381 4131 4615 3623 3938 4121 4805 3606 3689 2705 4927 4691 4716 3579 4471 4768 4958 4059 4427 4558 4105 4054 4175 3951 4678 4725 4123 3178 4724 3027 3638 4946 4085 3558 4486 2906 4186 4043 4939 4335 4120 2863 4726 4945 4886 3068 4902 4932 2684 3731 4721 4315 4035 4935 4647 3716 4151 4321 4729 4783 4366 4775 3397 4887 4215 4591 3023 4806 3837 4230 2624 3090 1956 4004 4026 4542 2813 4343 4581 4566 4943 3806 4304 3918 3878 4155 4383 4511 2989 4692 3338 4630 4027 4435 4342 4983 4938 4418 3751 4941 4885 4695 4161 4918 3678 2899 4782 4439 4143 3329 2751 3376 4910 4930 4308 4438 4919 3039 4590 2879 4991 3802 2839 2774 4847 4478 4949 3127 4789 2134 4999 4710 3831 2422 4524 4436 4070 3823 4393 3110 4574 4839 4950 4762 4662 4811 2078 4767 4530 4318 4323 4317 2246 4270 2794 4821 4167 3782 4790 4182 4433 3666 4535 4463 4150 4414 2929 3394 4117 3616 4382 4036 4061 4947 4087 3790 3271 2350 4303 4831 3036 3452 4158 3803 4494 4358 4813 3551 4314 4901 4894 4951 2061 4732 2988 2560 3799 4022 4183 4771 3532 4329 4687 4763 4712 2607 2526 4294 4714 3519 3887 2847 4322 2110 3015 4966 3907 4713 4741 4351 3906 3098 3438 4855 3420 2997 4929 4529 3801 2646 3060 4689 3864 4551 4430 4421 4528 4928 2165 4812 2835 3631 4982 3932 3207 3350 2918 4145 3620 4580 3527 4447 3915 3960 4313 3633 2577 4577 3231 3096 3702 4185 4002 2428 4895 4127 4197 3747 4717 3895 3760 4668 3061 2115 4320 1950 3905 4719 3763 3302 3559 4522 4239 4592 4319 4302 1932 4654 2028 4734 4579 3510 2775 2527 3815 3647 2765 3255 3834 4429 4926 4188 3249 4711 3911 3530 3982 2537 4135 2511 4723 2555 3502 2614 4739 4372 3779 2837 4149 3749 2805 4715 2543 3637 3075 4781 3503 2188 4597 2908 3529 4575 2907 2641 2994 4807 3913 4060 4287 4869 3715 3955 4246 4703 2105 4846 4671 2683 2004 3554 4479 4368 4631 2717 4425 3380 4525 3374 3065 4452 4207 4942 3851 2991 3005 4122 3247 2243 3719 3910 3730 2539 3581 3191 3451 4853 2245 1862 3238 4638 3342 4722 3580 3370 3566 4235 4374 2804 
Distance: 1012053.9766
Execution Time: 778.0000ms

Try number: 15
Start: 4986
Goal: 3338
Path: 4986 4846 4671 4199 4765 4455 4614 4406 4927 4691 4716 3579 4471 4768 4958 4059 4427 4558 4105 4054 4175 3951 4678 4725 4123 3178 4724 3027 3638 4946 4085 3558 4486 3051 4918 4161 4773 4528 4928 3775 4529 4929 4470 4935 4647 2961 4767 4530 4318 4323 4317 3381 4930 4910 3977 4184 4351 4741 4713 3907 4966 3845 4030 3087 3862 3531 4742 4808 4422 4799 4869 4446 4142 4518 3252 4452 4207 4942 3851 3892 2528 4358 4813 3551 4314 4901 4894 4951 4038 3781 2223 4737 4420 3663 3371 4731 4312 4839 4950 4762 4662 4811 3975 4469 3727 3541 4719 3905 4044 3930 2398 4597 4071 4862 2057 4895 4334 2747 4999 4373 4170 4295 3640 3298 3358 4727 4687 4763 4712 4369 4945 4726 2863 4120 4335 4939 4043 4186 3590 3374 4525 3939 4738 4111 3909 4533 4639 4102 2288 3894 3179 4790 4182 4433 3666 3411 4938 4983 4423 2616 4692 3338 
Distance: 425834.4849
Execution Time: 157.0000ms

Try number: 16
Start: 2006
Goal: 4097
Path: 2006 2830 4717 3895 3760 4668 3061 3833 4935 4647 3716 4151 4321 4729 4783 4366 4775 3397 4887 4369 4945 4886 3068 4902 4932 3260 4806 3837 4230 3151 4725 4678 4025 4109 4543 4654 4944 3718 4821 4167 3782 4790 4182 4433 3666 4535 4463 4150 4414 2929 3394 4117 3746 4383 4511 1878 4577 3794 4743 3638 4946 4085 3558 4037 3395 4485 4903 4528 4928 3775 4529 4929 4042 4975 4911 4740 4370 3557 3714 4533 4639 4294 4714 3519 3887 2847 4322 2271 4991 3802 2839 3890 4110 4885 4941 4053 4161 4918 3678 2899 4782 4439 4143 3865 4191 3528 4026 4542 2813 4765 4199 4671 4846 4144 3902 4247 4165 4055 4759 4372 4739 2980 4415 4007 4845 3635 3774 4839 4950 4762 4662 4811 3975 4469 3380 4525 3939 4738 4111 4426 4687 4763 4045 3835 4871 3888 2623 4046 3540 4061 4947 4087 3916 4450 4303 4831 4034 4854 4720 4718 3934 3101 4447 3915 4750 4471 4768 4958 3070 2696 4527 4119 1874 3573 3591 3334 4214 4308 4930 4910 3977 4103 3905 4719 3763 3998 4869 4799 3378 4689 3864 4551 4599 3609 3843 3661 1893 3791 4231 4183 4771 3786 4943 4566 4581 3969 4948 3566 4235 4374 2804 3814 4169 4129 4375 2429 4646 1798 4761 3500 3477 4163 4116 1815 4030 3845 4966 3907 4713 4741 4351 4495 4767 4530 4286 4974 2954 2985 4694 4006 4558 4427 2439 4039 2953 4304 3918 3878 2640 4078 3668 3017 4320 1982 4938 4983 4342 4435 2242 4005 3270 3665 3871 1879 2518 4206 3893 4998 2015 3967 4823 2460 4926 4429 3834 4534 3492 4822 3135 4127 4895 4334 3681 4982 3636 4798 2102 4607 1886 3606 4805 4121 3938 4096 4428 3829 4333 2565 3827 2391 2167 4271 3539 4359 4311 2597 4142 4518 3252 4452 4207 4942 3851 3892 2199 3223 4057 3647 3815 2527 3295 4623 3919 3233 3028 4278 4319 4592 4239 4522 3489 4038 4951 4894 4901 4314 2385 3450 3797 2639 4614 4406 4927 4691 4064 4083 3637 3333 2996 3995 3262 4494 3803 4158 3452 4332 3127 4949 2182 3453 2174 4071 4597 3662 4185 3784 3247 4122 2131 2731 1967 4437 2446 2947 3526 4893 2670 4029 3198 2971 2701 2039 2963 3235 3261 2798 4812 1940 3019 3971 3493 4781 2463 4432 3430 4326 2636 2750 1797 1906 3796 2653 4638 4677 2875 2897 3830 2604 3359 3787 3535 3034 2570 3420 4855 3438 3966 2644 4097 
Distance: 1093847.9760
Execution Time: 991.0000ms

Try number: 17
Start: 3119
Goal: 140
Path: 3119 4929 4529 3801 2811 4662 4811 3975 4469 3727 3802 4991 3748 4911 4975 2686 4574 4839 4950 4686 4689 3864 4551 4599 3609 3843 3661 3360 4945 4886 2285 3274 4454 4084 3953 3850 4721 4315 4035 4935 4647 3716 4151 4321 4729 4783 4366 4775 3397 4887 4215 4591 3023 4806 3837 4230 3151 4725 4678 4025 4109 4543 4654 4944 3718 4821 4167 3782 4790 4182 4433 3666 4535 4463 4150 4414 2929 3394 4117 140 
Distance: 189246.4876
Execution Time: 82.0000ms

Try number: 18
Start: 590
Goal: 2531
Path: 590 3976 3358 4727 4687 4763 4712 4369 4945 4726 3967 4823 2460 4926 4733 4662 4811 3975 4469 3727 3802 4991 3748 4911 4975 4042 4929 4529 3801 2646 4434 4566 4943 3806 4304 3918 3878 3610 4006 4694 2985 4310 4238 4791 4381 4131 4615 3623 3938 4121 4805 3606 3689 2705 4927 4691 4716 3579 4471 4768 4958 4059 4427 2439 4039 2955 4951 4894 4901 4314 3551 4813 2762 4982 4086 3844 4983 4938 4418 3751 4941 4885 4695 4161 4918 3678 2899 4782 4439 4143 3865 4191 3528 4026 4542 2813 4765 4455 4614 4246 4703 3501 4814 4959 2004 4103 3977 4910 4930 4308 4438 4919 3157 4679 4666 4451 4082 3295 4623 3919 2337 4452 4207 4942 3851 3892 3268 4582 4510 3458 2918 4145 3620 4580 3933 3407 3690 4738 4111 3909 4533 4639 4294 4714 3519 3887 4023 4783 4729 4391 4149 2661 3640 4295 2790 3191 3581 3671 4165 4247 3902 4144 4846 3337 2214 4839 4950 4686 4689 3864 4551 4599 3609 3843 3661 3931 2737 2979 4331 2145 4862 4071 4597 3662 4934 3842 4239 4592 4319 4302 2696 4527 2840 3993 2349 3785 4287 4869 4799 4422 4808 4742 3531 3862 3087 4030 3845 4966 3907 4713 4741 4351 4495 4767 4530 4286 4974 2420 4186 4043 4939 4335 4120 3114 2779 3853 4183 4771 3532 3846 3367 4770 2887 4528 4928 2572 4739 4372 4759 4115 4054 4175 3498 4879 2272 3045 3151 4725 4678 3375 2395 2588 2063 4717 3895 3760 4668 3061 3413 4821 4167 3695 3983 2510 4830 2326 2520 4511 4383 3746 4117 3394 3613 4847 4478 4949 3127 4789 2134 4999 4710 3831 4810 3187 4526 2635 2542 3172 4433 4182 4790 3422 3138 3837 4806 4622 4935 4647 3716 4151 2678 4798 2291 4311 4359 3539 4271 4453 4215 2421 3101 3934 4718 2983 2658 4944 4654 4543 2876 4415 4007 4845 2333 2807 4431 3654 4425 3439 4565 3041 3223 4057 4036 4382 2903 2448 2990 3276 4534 3834 3255 2765 2854 4550 2928 4948 3969 4159 4549 2191 3503 4781 4261 4450 4303 4831 3036 3279 3763 4719 2103 4878 3053 2766 4663 2511 3863 3793 3830 2604 3359 3936 3577 2139 3374 4525 2780 3913 4807 2109 2804 4374 2727 2819 2802 4370 3557 3479 4895 2428 2531 
Distance: 998523.1766
Execution Time: 783.0000ms

Try number: 19
Start: 1445
Goal: 4658
Path: 1445 4079 4894 4951 4038 3781 2223 4737 4420 3663 3555 4930 4910 3977 4184 4351 4741 4713 3907 4966 3845 4030 3087 3862 3531 4742 4808 4422 4799 4869 4446 4142 4518 3252 4452 4207 4942 3851 3892 2199 3223 4057 4036 4382 3616 4117 3746 4383 4511 2164 4439 4782 3927 4739 4372 4759 4115 4853 3451 2103 4878 3053 4494 4358 4813 3551 4314 2385 3450 3797 4421 4528 4928 3775 4529 4929 4470 4935 4647 2410 3038 4812 2031 4689 4686 4950 4839 4574 2934 4438 4919 3157 4679 4666 4451 4082 3295 4623 3919 4931 3999 4310 4238 4791 4381 4131 4615 3623 3938 4096 4428 3829 2243 3719 3910 3730 2539 3581 3671 4165 4247 3942 3219 2958 3646 2949 4110 4885 4941 4053 4161 4918 3852 4945 4886 3068 4902 4932 3260 4806 3837 4230 3151 4725 4678 4025 4109 4658 
Distance: 378197.3995
Execution Time: 137.0000ms

Try number: 20
Start: 2425
Goal: 1559
Path: 2425 3959 3555 4930 4910 3977 4184 4351 4741 4713 3907 4966 3845 4030 3087 3862 3531 4742 4808 4422 4799 4869 4446 4142 4518 3252 4452 4207 4942 3851 3892 2199 3223 4057 4036 4382 3616 4117 3746 4383 4511 2177 2678 4798 3636 4982 4086 3844 4983 4938 4418 3751 4941 4885 4695 4161 4918 3852 4945 4886 3068 4902 4932 3260 4806 4622 4935 4647 3716 3742 3343 3623 4615 4131 4399 3575 3870 2769 4063 4950 4839 4574 4769 4430 4551 4599 2704 3828 2596 4712 4763 4687 4727 3358 3556 4894 4951 4038 3781 2223 4737 4420 3607 3943 3803 4494 4358 4813 3551 4314 2385 3450 3797 4003 4271 4453 4215 4887 3692 4436 4524 4434 4566 4943 3786 4771 4183 4231 3791 3804 3200 3991 4530 4767 3533 4944 4654 4543 4109 4025 4678 4725 4123 3178 4724 3027 3638 4946 4085 3558 4037 3395 4485 4903 4528 4928 3775 4529 4929 4042 4975 4911 4740 4370 3557 3714 4533 4639 4294 4714 3519 3887 4023 4783 4729 4391 4149 2941 3528 4191 3865 4143 4439 4782 3927 4739 4372 4759 4115 4853 3451 2103 4719 3905 2552 3374 4525 3380 4469 3975 4811 4662 4733 4926 4429 3834 3255 2765 2854 4550 2928 4948 3969 4159 4549 3147 4711 4032 3559 4772 3419 2925 3743 3368 4691 4927 4406 4614 4455 4765 4199 4671 4846 4144 3902 4247 4165 3671 3581 2539 3730 3199 3315 4940 2540 4805 3606 3449 4527 2840 3993 2349 3785 4169 4190 1947 4523 4223 3917 4304 3918 2453 2732 3333 3637 3641 4723 2657 3520 4821 4167 2787 4958 4768 2378 3098 4033 3790 4087 4947 1990 3317 4965 2641 2994 4807 3913 4060 1927 4998 3893 2025 4666 4679 3157 4919 4438 3711 2472 3966 4380 2230 3338 4692 2663 4999 4710 3792 4313 2038 4166 2527 2775 3510 4579 4734 2746 1942 3518 2440 2573 4415 3997 3841 4324 2478 3703 2717 2951 3843 3150 3327 4118 3293 3526 4893 2670 4029 2351 2956 4738 4111 3826 4854 4034 4831 4303 4450 4261 3054 4108 4310 2743 3694 1559 
Distance: 975732.1369
Execution Time: 1710.0000ms

Mean Distance: 674341.7314
Mean Execution Time: 551.7500ms
