Algorithm: DFS

Try number: 1
Start: 4334
Goal: 2525
Path: 4334 3478 4083 4716 4316 4237 3825 4762 4524 4449 4926 4743 683 3595 3139 3452 2249 4055 3032 4741 4863 4923 1333 4813 4582 4766 4577 4635 4567 4440 4370 3298 4391 4326 4319 3053 4215 4919 3332 4262 4721 4434 3907 3337 3777 4968 3691 4894 4739 3112 4050 4726 4715 4043 4587 4002 3775 3305 2995 4791 4358 4763 4729 4529 4669 3943 4839 3847 4951 4510 3894 3030 4933 2458 4694 1602 4368 4811 4692 1337 4927 4799 4477 2880 1063 4742 4425 4687 4106 3877 4855 4232 3639 4418 3684 2720 4118 3819 3703 3540 4472 4154 2650 4189 4646 4578 3613 4503 4033 4429 3837 3187 4835 3164 4187 4246 4911 4437 4758 3683 4523 1496 4030 4007 3236 4183 4783 3172 4910 4550 515 4975 4823 4950 3671 3751 3874 3919 3178 4806 3037 1640 4597 2924 4711 4998 4738 3659 3078 3998 3630 4393 4808 4079 4081 2876 4725 2151 1829 3798 4773 4414 2146 4941 4306 3975 4438 4366 4471 2286 2721 4146 4369 3503 4175 2160 3555 4069 4044 4946 4006 4475 4724 1901 609 3149 4663 4710 168 3310 3786 2215 3927 4614 4279 2541 4542 3381 3791 3853 2718 3628 4299 2615 1051 3670 3596 1555 4019 3905 3448 4486 2854 4111 2206 3884 3707 4662 3978 2510 3590 4428 491 4372 1927 2710 4415 2191 2621 3143 4737 3953 3661 4011 4382 4869 4421 2717 2283 3190 3295 4383 4315 3510 3125 4463 2302 463 1970 3761 4559 4622 3052 4153 4879 4971 4422 3120 3916 3935 4591 4871 3123 3359 4167 4945 4026 2421 2319 3990 4862 4427 4034 4983 4134 3471 2087 3392 3950 3766 4351 4887 3881 2926 2767 2855 2598 4041 2371 4188 4938 4668 3965 3394 4615 4008 4579 4109 4441 4521 4565 4067 4967 2472 2460 2778 110 4060 1077 3574 4895 1528 3002 4958 1407 791 3836 4005 2638 3074 4406 1639 2803 4918 4447 3259 3301 3331 4126 3702 4815 659 3240 3111 3300 4116 531 2415 4197 4627 2732 4814 1577 4613 4446 4822 3089 4169 3279 4939 4581 4974 4024 4419 2910 3785 4631 4885 3956 206 2274 3077 2639 4531 3903 1027 3199 3564 3177 3319 3721 2468 475 4462 655 2479 4893 4723 1205 1834 2022 3815 3342 3831 3704 3537 4311 3377 4902 1890 2578 2670 4734 4623 4199 4982 4934 4948 3495 4023 96 4831 2187 3226 4374 3724 4774 2662 4174 2819 3999 4323 4989 3725 3451 3895 4255 4439 1936 4124 3941 1981 4713 4717 4123 2323 3909 1384 4751 32 3431 2079 4607 3006 3803 3306 4065 1035 3987 1798 3773 4287 4543 3929 971 4772 3879 4551 4886 3435 4942 2227 903 4107 3701 3474 1840 4765 3207 4943 3374 4991 1487 4761 3116 2774 2531 3723 4247 3762 4712 2451 2862 4714 1558 2981 2186 2518 4807 4655 1891 131 3811 4770 3876 847 2243 3843 2558 2645 39 4781 4450 3007 835 3709 1423 3339 4759 2133 2842 559 1653 4827 2571 3046 2229 4040 3417 2817 4114 1972 3813 2891 3519 3967 238 2583 3584 4294 4798 3058 4 3245 4350 4304 3588 3866 1846 2053 4702 2974 4157 415 4821 3302 4522 2985 1209 3421 1411 4903 3660 4161 927 3563 4730 883 4378 3983 3882 4809 3489 4718 4333 4810 1580 4769 2595 4037 3141 341 4144 1335 4665 2378 3923 2646 2889 1796 3631 1815 2751 4805 2643 3614 230 3124 3617 2990 4560 4695 2928 2550 849 4929 2222 4451 1251 2738 2653 3445 4182 4039 1503 4495 4932 2043 1471 3515 4162 4689 2287 737 2874 4390 3804 190 1975 3781 1017 3118 837 286 3942 3163 4343 3742 4549 2315 4534 3649 4320 3682 4999 4580 4670 1315 3917 2576 3784 3547 1269 4558 3622 3297 4525 1099 2644 2872 1650 1502 3036 2684 3206 1291 3047 2238 2711 3778 2418 227 3488 3567 1381 1410 3658 284 2257 709 4031 1169 2525 
Distance: 1728313.9876
Execution Time: 1665.0000ms

Try number: 2
Start: 3642
Goal: 1112
Path: 3642 4679 4318 1903 4944 3743 4053 4521 4565 3782 4063 4189 4646 4578 3613 4503 4033 4429 3837 3603 3334 4423 3171 4380 4306 4941 3458 4693 3398 4971 4879 4308 3600 4591 4871 4917 4119 3365 4542 3381 3791 3853 3350 4476 3442 3560 4727 4598 3433 3982 3012 4320 3841 3457 3715 4932 4495 2830 3811 3579 4731 4886 4551 3879 4772 2948 4525 3297 3622 4558 1987 4732 2267 2773 4607 3006 3803 4186 3578 4342 3147 4022 4109 4579 3521 4775 4286 4939 4581 4974 4024 4733 3825 4762 4524 4449 4926 4381 3812 3343 2438 4711 4998 4738 3659 3078 3998 3686 4070 3146 3971 3267 2111 3962 4966 2071 4885 4631 3785 4528 4991 3518 4105 4729 4763 4358 4791 2471 4958 3389 3207 4765 4313 3855 2262 3796 4814 4235 3761 4559 4095 4951 4510 3894 3030 3526 4011 4382 4869 4421 2717 3317 4894 4739 3112 4050 4726 4715 4043 4587 4002 3936 4271 4329 3991 4790 4199 4982 4934 4948 3495 3422 2921 2912 4324 3137 4799 4927 4027 2014 2925 2973 4435 3801 3916 3450 3225 3668 1893 3619 4703 3515 4162 4689 2287 2529 2211 4450 4064 3905 4019 3852 3927 4614 3539 4975 4823 4950 3671 4117 4025 4036 3554 3135 2971 4806 2175 2855 2767 2926 3577 4815 3702 4171 4223 3943 4839 1966 4470 3361 3555 3643 4789 3253 3316 4331 2764 3664 3413 3827 3038 3672 4774 2662 4174 3788 3166 4575 2023 3745 3953 4737 3787 3850 3808 4472 4154 3415 4335 3662 1854 4437 4911 4246 4606 4965 4131 3399 3512 3612 3719 4938 4668 3598 4295 2422 4003 4935 2358 4032 4316 4716 4083 3478 3667 2794 2895 4863 4830 3559 4526 4527 4475 4038 3778 4812 2719 4427 4862 3990 3570 3262 3536 3608 4319 4326 4391 4110 2184 4420 3575 3500 4087 3748 4197 4181 2339 3088 3111 3913 2825 3983 3054 3517 3907 4434 4721 4262 3194 4232 2630 4215 4919 3234 3638 3999 4323 4989 3133 4811 4239 3380 4810 4333 2784 3071 4366 4471 2286 2721 4146 4369 1112 
Distance: 878988.7323
Execution Time: 532.0000ms

Try number: 3
Start: 1617
Goal: 4385
Path: 1617 4533 2144 4665 3263 4366 4471 3695 2924 4711 4998 4738 3659 3078 3998 3686 4070 3146 3971 3267 4433 3365 4542 3381 3791 3853 2718 3859 4295 4574 3825 4762 4524 4449 4926 4381 3812 3343 2327 4283 4975 4823 4950 3671 4117 4567 4635 4577 4766 4582 4813 3494 3328 3498 4750 2491 4309 3514 2781 4333 4810 3380 4239 4811 4368 3976 2847 3748 4197 4627 3796 4814 4235 3761 4559 4622 3052 4153 4879 4971 4422 2270 3891 4830 4863 4923 3680 3015 3902 4144 2496 4452 4939 4581 4974 4024 4419 2910 4407 4446 4822 3089 4270 2461 2947 3386 3871 2423 3745 3446 2534 2065 4046 2222 3231 4764 3470 3839 4246 4911 4437 4758 3683 4523 4127 2703 3036 2684 3883 4938 4668 2617 4599 3715 4932 4495 2830 3811 3579 4731 4886 4551 3879 4772 2948 4147 4689 4162 3515 4703 2726 2747 2979 3841 4320 3682 4999 4580 3553 3486 2965 2099 4047 3154 3585 3639 4418 3684 2720 4118 3115 4945 4167 4170 3828 4150 2536 4807 4655 2723 4081 4079 4808 3583 3987 3283 4730 3581 2959 4305 2766 2729 4935 4003 3979 4033 4503 3615 2963 3854 3643 4846 4199 4982 4934 4948 3495 3422 3093 4421 4869 4382 4011 4267 4712 2451 2862 4714 4303 3578 4342 3147 4022 4109 4441 4521 4565 3782 4063 3783 3995 3219 2953 4769 3303 2084 4991 4528 4190 4951 4510 3894 3030 4933 2109 4845 4302 4379 3407 3140 4931 3065 2949 3903 4531 3100 4105 4729 4763 4358 4791 2471 3530 3400 4917 4871 4591 3935 3916 3801 4435 2957 3644 4262 4721 4434 3907 3517 3814 4885 4631 2798 2739 4990 3611 3806 4106 4687 4425 3372 4184 3109 3787 4060 2708 4327 4050 4726 4715 4043 4135 3469 2731 4083 4716 4316 4158 4315 4383 3295 3440 3927 3759 4519 4034 4983 2660 3062 3835 3858 3560 4727 4195 3933 4155 3637 2714 2053 4702 2974 2382 3913 3111 3300 3542 2230 4450 4064 3198 1998 4054 2103 3863 3252 3108 3536 3608 4319 4326 4391 3625 3910 4367 4812 3778 4038 4475 4527 4159 2698 3827 3038 4015 2466 4455 4560 4695 2928 2724 3702 4171 4878 3152 3874 2343 3393 4894 3946 4428 3590 2510 3978 4662 3493 4847 4103 3798 4773 2261 2829 4236 2224 4247 1862 4039 3148 3187 1926 2942 2768 3728 4350 4304 2599 4630 3436 3803 2627 4566 2894 3233 3165 3335 4887 2844 4415 2191 2914 2500 2975 2195 4799 4927 4027 2506 3589 2098 2819 3999 3638 3234 3223 4693 3458 4941 4306 4380 4183 3236 4007 4030 3887 2696 2348 3831 3502 4679 2058 3963 3341 2208 2801 1951 1861 2586 3823 3790 4299 3845 4638 3580 4002 3214 2762 3314 2670 2128 2134 4122 2511 4378 3983 2150 1871 4385 
Distance: 1181688.6638
Execution Time: 1249.0000ms

Try number: 4
Start: 544
Goal: 4648
Path: 544 3828 4170 4167 4945 4120 4971 4879 4308 3600 4591 4871 4917 4119 3332 4919 4215 3053 4319 4326 4391 3298 4370 4440 4567 4635 4577 4766 4582 4813 3494 2748 4046 3520 4323 4989 2902 4926 4449 4524 4762 3825 4733 4024 4974 4581 4939 4452 3413 3827 3038 4015 2466 4455 4560 4695 3200 3683 4758 4437 4911 4246 4606 4965 4131 3893 2699 4245 2526 3858 3835 3311 4716 4316 4158 4315 4383 3295 3440 4790 4199 4982 4934 4948 3495 4023 2173 4011 4382 4869 4421 3093 3547 3784 3096 4380 4306 4941 3458 4693 3223 4648 
Distance: 275094.0954
Execution Time: 76.0000ms

Try number: 5
Start: 4234
Goal: 4478
Path: 4234 3448 4486 3462 4823 4975 4283 4487 4443 2835 2333 4808 4393 3630 3998 3686 4070 3146 3971 3267 4433 3365 4542 3381 3791 3853 2718 3859 4295 4574 4164 3955 3528 4944 3743 4053 4521 4565 3782 4063 4189 4646 4578 3613 4503 4033 4429 3837 3603 2564 4359 4455 4560 4695 3200 3683 4758 4437 4911 4246 4606 4965 4131 3893 4117 4567 4635 4577 4766 4582 4813 3494 3328 3609 4930 2943 4991 4528 4190 4951 4510 3894 3030 4933 2109 4845 4302 4379 3407 2824 4036 3554 4418 3639 4232 4855 2654 3746 3975 4438 4366 4471 3695 2924 4711 4998 4738 3511 4308 4879 4971 4422 2270 3891 4830 4863 4923 3680 3015 3902 4144 2496 4452 4939 4581 4974 4024 4733 2903 4050 4726 4715 4043 4587 4002 3936 4271 4329 3991 4790 4199 4982 4934 4948 3495 4023 2173 4011 4382 4869 4014 3456 2419 4599 3715 4932 4495 2830 3811 3579 4731 4886 4551 3879 4772 2948 4147 4689 3201 4713 4717 4123 4535 3691 4894 3946 4428 3590 2909 3507 3367 2383 3207 4943 2671 4524 4762 4143 4919 4215 3053 4319 4326 4391 3625 3910 4367 2452 4158 4316 4716 4083 3478 3667 2794 2862 4714 4303 3578 4342 3147 4022 4109 4579 2674 4096 4767 2822 3228 3575 3500 4087 3748 4197 4627 3796 4814 4235 3761 4559 4191 4380 4183 3870 2573 2767 2926 2449 3133 4989 4323 3999 3681 4662 3493 4847 4103 3798 4773 3160 2471 4791 4358 4763 4729 4105 2366 4927 4799 4477 3963 3341 2208 3161 4671 2117 4591 4871 4917 4044 4946 4006 4475 4724 3371 3967 3519 3075 3855 4313 3231 4764 3470 2215 3927 4614 4279 2258 2791 4478 
Distance: 762422.9502
Execution Time: 2013.0000ms

Try number: 6
Start: 4663
Goal: 2283
Path: 4663 4710 2247 4965 4606 4246 4911 4437 4758 3683 4523 4127 2703 3036 3117 4452 4939 4581 4974 4024 4733 3825 4762 4524 4449 4926 4381 2310 2983 3228 3575 4420 2751 4805 2643 3799 4773 3798 4103 4847 3493 4662 3978 2510 3603 3837 4429 4033 4503 3687 4599 3715 4932 4495 2830 3811 3579 4731 4886 4551 3879 4357 4222 3499 3471 4134 4983 4034 4519 3759 3927 4614 4279 2258 4723 4893 2479 2781 4333 4810 3380 4239 4811 4692 3750 4927 4799 4477 3963 3341 2619 3589 2807 4511 4287 4543 4691 3223 4693 3458 4941 4306 4380 4191 4559 4622 3052 2566 2389 3461 4982 4934 4948 3495 4023 2173 4011 4382 4869 4421 2717 2283 
Distance: 301731.3945
Execution Time: 85.0000ms

Try number: 7
Start: 2783
Goal: 710
Path: 2783 4122 3091 4479 4392 3645 3411 4151 2860 3177 4528 4991 3518 4105 4729 4763 4666 4998 4738 3511 4308 4879 4971 4422 3120 4014 4869 4421 3093 3547 3017 2430 3417 4732 3084 4710 4663 3115 4945 4167 4170 3941 3146 4070 3686 3998 3630 4393 4808 4079 4081 2876 4474 4659 3142 3369 2017 2797 3714 3382 710 
Distance: 154476.8427
Execution Time: 51.0000ms

Try number: 8
Start: 4375
Goal: 3541
Path: 4375 4526 4527 4475 4724 2493 4606 4965 4131 3893 4117 4567 4635 4577 4766 4582 4813 3494 3120 4422 4971 4879 4308 3600 4591 4871 4917 4119 3332 4919 4215 3053 4319 4326 4391 4110 2109 4933 3030 3894 4510 4951 4190 4529 4729 4763 4666 4998 4738 2559 4583 3206 2684 3883 4938 4668 3598 4895 3574 3171 4423 3334 3603 3837 4429 4033 4503 3687 4599 3715 4932 4495 2830 3811 3579 4731 4886 4551 3879 4357 4222 3499 3471 4134 4983 4034 4519 3541 
Distance: 222110.4534
Execution Time: 65.0000ms

Try number: 9
Start: 2827
Goal: 3138
Path: 2827 4475 4724 2493 4606 4965 4131 3893 4117 4567 4635 4577 4766 4582 4813 3494 3120 4422 4971 4879 4308 3600 4591 4871 4917 4119 3332 4919 4215 3053 4319 4326 4391 4110 2109 4933 3030 3894 4510 4951 4190 4529 4729 4763 4666 4998 4738 2559 4583 3206 2684 3883 4938 4668 3598 4895 3574 3171 4423 3334 3603 3837 4429 4033 4503 3687 4599 3715 4932 4495 2830 3811 3579 4731 4886 4551 3879 4357 4222 3499 3471 4134 4983 4034 4519 3759 3927 4614 4279 2541 4542 3381 3791 3853 3350 4106 4687 4425 2575 3716 4807 3750 4927 4799 4477 3963 4286 4939 4581 4974 4024 4733 3825 4762 4524 4449 4926 4381 2310 2983 3228 3575 4420 2751 4805 2643 3161 4671 2183 4316 4716 4083 3478 3667 2794 3235 3314 3262 3570 3990 4862 3020 3306 3994 4534 3649 4320 3682 4999 4580 3553 2991 4294 4798 3158 4183 4783 3172 3910 4367 4812 3778 2711 4768 2298 4949 3581 2959 4305 2766 2678 4930 3609 4156 4195 4727 4598 2812 4486 2854 4111 2206 3977 4327 3951 3540 4472 4154 2650 4189 4646 4578 2294 4822 4446 4407 2910 3785 4631 4885 3814 4720 3251 3851 2865 4950 4823 4975 4283 4487 4443 3060 4662 3681 3999 4323 4989 3133 4811 4368 4312 3318 2383 3367 3507 2909 3590 4428 3946 4894 4739 3112 3714 3070 3338 4764 3470 3839 2289 2985 2119 4104 4439 2836 2039 4393 4808 4079 4081 2876 4474 3059 4781 4450 4064 3905 4019 2246 3913 3111 3300 2734 4719 2030 4182 4039 3148 2271 2338 3828 4170 4167 4945 4026 3533 4990 2739 3183 4935 4003 4667 3281 4703 3515 4162 4689 2287 2529 4722 3427 4166 4084 3562 3475 3009 2668 3295 3190 3154 3585 4321 2592 2542 2595 4769 3303 3628 4299 3845 4638 3580 4438 3975 4306 4941 3458 4693 3223 4691 4543 4287 2345 4311 3377 4679 4318 2680 4597 2924 4152 4630 2599 4313 4765 3169 3286 3241 4332 2920 3299 3960 2899 4559 4191 3145 4934 4982 3550 4324 3376 4830 4863 4923 3680 3015 3902 4144 2496 3577 4815 3702 4171 4878 2715 2576 3784 3547 2135 3463 4715 4726 3911 4165 4560 4695 2928 2550 2656 4947 4058 3351 2526 3858 3162 3503 4175 2015 3315 2503 3215 4565 4521 4441 4109 4579 2674 4096 4767 2695 2446 3798 4773 4414 2545 3699 2316 3492 2102 2029 4159 3679 4333 4718 3242 3247 2979 2023 3745 3953 4737 3787 3850 3455 3454 3027 2193 2334 2186 2171 4082 2907 3654 3643 4789 3253 3374 4991 3518 2354 2403 2849 4234 2531 2774 3116 3134 3966 3275 2927 3447 3326 3567 4854 2228 3829 4535 4123 4717 2992 4310 2767 2855 2598 2972 4734 4623 4469 2791 3510 3125 4463 2302 3138 
Distance: 1178402.5262
Execution Time: 927.0000ms

Try number: 10
Start: 220
Goal: 4824
Path not found.
Execution Time: 40.0000ms

Try number: 11
Start: 2386
Goal: 2325
Path: 2386 3903 4531 2639 4165 4560 4695 2928 2550 2656 4947 4058 3351 2526 3858 3835 3311 4716 4316 4237 3825 4762 4524 4449 4926 4381 2310 2983 3228 3575 4420 2751 4805 2643 3799 4773 4414 2545 4903 2892 3990 4862 4427 4034 4983 4134 3498 4750 2491 4309 3514 3439 2837 4660 4639 3086 2992 4717 4123 4535 3829 4050 4726 4715 4043 4135 3167 2752 3550 4982 4934 4948 3495 4023 2173 4011 4382 4869 4421 2717 3317 4894 3946 4775 4286 4939 4581 4974 4024 4419 2910 4407 4446 4822 3089 4270 2461 2487 2325 
Distance: 254577.6821
Execution Time: 67.0000ms

Try number: 12
Start: 694
Goal: 4846
Path: 694 2291 2740 4433 3267 3971 3146 4070 3686 3998 3630 4393 4808 4079 4081 2876 4725 4666 4998 4738 3511 4308 4879 4971 4422 3120 4014 4869 4421 2717 3317 4894 4739 3112 4050 4726 4715 4043 4587 4002 3936 4271 4329 3991 4790 4199 4846 
Distance: 139055.0682
Execution Time: 47.0000ms

Try number: 13
Start: 348
Goal: 4769
Path: 348 4646 4578 3613 4503 4033 4429 3837 3603 3334 4423 3171 4380 4306 4941 3458 4693 3398 4971 4879 4308 3600 4591 4871 4917 4119 3332 4919 4215 3053 4319 4326 4391 4110 2109 4933 3030 3894 4510 4951 4190 4529 4729 4763 4666 4998 4738 2559 4583 3206 2684 3883 4938 4668 3598 4895 2832 4590 4982 4934 4948 3495 4023 2173 4011 4382 4869 4421 2717 3317 4894 4739 2352 4769 
Distance: 197625.7207
Execution Time: 54.0000ms

Try number: 14
Start: 3922
Goal: 1072
Path: 3922 3567 4854 3641 3760 3503 4175 2540 4738 4998 4711 2924 4597 2713 4392 4479 2122 4007 4030 3887 2696 2348 3831 3502 4679 4318 2834 4932 4495 2830 3811 3579 4731 4886 4551 3879 4357 4222 3499 3471 4134 4983 4034 4519 3759 3927 4614 4279 2541 4542 3381 3791 3853 3634 1072 
Distance: 130354.6288
Execution Time: 43.0000ms

Try number: 15
Start: 3313
Goal: 439
Path: 3313 4667 4003 4935 3587 3441 4472 4154 3415 4687 4425 3372 4184 3559 4830 4863 4923 3680 3398 4971 4879 4308 3600 4591 4871 4917 4119 3332 4919 4215 3053 4319 4326 4391 4110 2109 4933 3030 3894 4510 4951 4190 439 
Distance: 109890.6275
Execution Time: 40.0000ms

Try number: 16
Start: 2439
Goal: 2726
Path: 2439 3449 4879 4971 4422 3120 4014 4869 4421 2717 3317 4894 4739 3112 4050 4726 4715 4043 4587 4002 3936 4271 4329 3991 4790 4199 4982 4934 4948 3495 3422 2921 3441 4472 4154 3415 4687 4425 3372 4184 3559 4830 4863 4923 3680 3015 3902 4144 2496 4452 4939 4581 4974 4024 4733 3825 4762 4524 4449 4926 4381 2777 3369 3142 4659 4474 4085 2697 3499 4222 4357 3879 4551 4886 3636 4477 4799 4927 4027 2506 3822 3583 4808 4393 3630 3998 3686 4070 3146 3971 3267 4433 2765 4931 2849 4234 3448 4486 2812 4598 4727 4195 3107 3055 2431 3453 4366 4471 3695 2924 4711 4998 4738 3511 3319 3177 4528 4991 3518 4105 4729 4763 4358 4791 2995 4283 4975 4823 4950 3671 4117 4025 4036 3554 4418 3639 4232 4855 2654 3746 3975 4306 4941 3458 4693 3223 4691 4543 4287 2345 4311 3537 3326 3567 4854 3641 3760 3503 4175 2160 3555 3643 4789 3253 3316 4331 2670 4734 2972 2598 2855 2767 2926 2449 3273 4979 3335 4887 2844 4415 2191 3179 4690 2095 3493 4847 4103 3798 4773 4414 2545 4903 2892 3990 4862 4427 4034 4983 4134 3498 4750 2491 4309 3514 2781 4333 4810 3380 4239 4811 4368 4312 3318 2383 3367 3507 2909 3590 4428 2288 3726 4191 4559 4095 4951 4510 3894 3030 4933 2458 2730 2501 3363 3054 3983 3566 2956 4518 3166 4575 2796 4171 4878 2715 4315 4383 3295 3190 3154 4047 2099 2118 4990 3533 4026 4945 4167 4170 3828 4150 3665 3280 3890 3479 2789 4183 4783 3172 4910 4550 3647 4845 4302 3763 2547 3125 4463 3391 4437 4911 4246 4606 4965 4131 3399 2350 4716 4316 2183 4671 3161 3661 4011 4267 4712 2451 2862 4714 4303 3578 4342 3147 4022 4109 4579 3521 4367 4812 3778 4038 4475 4724 3371 3967 3519 3075 3855 4313 3231 4764 3470 2215 3927 4614 4279 2541 4542 3381 3791 3853 3350 2413 3062 3835 3858 2211 4450 4781 2483 4114 2817 2339 4181 4197 4627 3796 4814 4235 2934 3940 4254 3908 4679 3502 3831 3342 3815 2022 3728 4350 4304 3588 3787 3850 3455 3454 2048 2981 2186 2518 4807 4655 2723 2911 2826 4822 4446 4407 2646 2542 2877 4989 4323 3999 3681 3942 3163 3782 4565 4521 4053 3743 4944 3008 2224 4236 3909 2323 3625 4391 4326 2346 3620 4132 3994 4534 3649 4320 3841 3457 3715 4599 3687 4503 4033 4429 3837 3187 3148 4039 4182 2030 4702 2974 2382 4761 3116 3134 3966 3275 2177 4359 4455 4560 4165 2816 4582 4766 4577 4635 3619 4703 2726 
Distance: 1121214.1695
Execution Time: 947.0000ms

Try number: 17
Start: 1900
Goal: 3433
Path: 1900 4170 4167 4945 4120 4971 4879 4308 3600 4591 4871 4917 4119 3332 4919 4215 3053 4319 4326 4391 4110 3362 4811 4692 3750 4927 4799 4477 3963 4286 4939 4581 4974 4024 4733 3825 4762 4524 4449 4926 4381 2310 2983 3021 4951 4510 3894 3030 3526 4011 4382 4869 4421 3093 3547 3017 2430 3417 4732 3084 4710 4663 3149 4666 4998 4738 2559 3433 
Distance: 167548.7414
Execution Time: 51.0000ms

Try number: 18
Start: 4859
Goal: 2168
Path: 4859 3351 4058 4947 2656 2944 3638 3999 4323 4989 3133 4811 4692 3750 4927 4799 4477 3963 4286 4939 4581 4974 4024 4733 3825 4762 4524 4449 4926 4381 2777 3369 3142 4659 4474 4085 2697 3499 4222 4357 3879 4551 4886 4731 3579 3811 2830 4495 4932 3715 4599 3687 4503 4033 4429 3837 3603 3334 4423 3171 4380 4306 4941 3458 4693 3398 4971 4879 4308 3600 4591 4871 4917 4119 3332 4919 4215 3053 4319 4326 4391 4110 2109 4933 3030 3894 4510 4951 4190 4529 4729 4763 4666 4998 4738 2559 4583 3206 2684 3883 4938 4668 3598 4895 2832 4590 4982 4934 4948 3495 4023 2173 4011 4382 4869 4421 2717 3317 4894 3946 4428 3590 2909 3507 3367 2383 3318 2208 3161 4671 2183 4316 4716 4083 3478 3667 2794 3235 3314 3262 3570 3990 4862 4427 4034 4983 4134 3498 4750 2491 4309 3514 2781 4333 2168 
Distance: 405167.5816
Execution Time: 121.0000ms

Try number: 19
Start: 4659
Goal: 27
Path: 4659 4474 4085 2697 3499 4222 4357 3879 4772 2948 4525 3297 3622 4558 3449 4879 4971 4422 2397 4738 4998 4711 2924 4597 2713 4392 3645 3411 4151 2860 3177 4528 4991 3518 4105 4729 4763 4358 4791 2471 4958 3389 3783 4063 4189 4646 4578 3613 4503 4033 4429 3837 3603 3334 4423 3171 4380 4191 4559 4622 3052 2566 2485 4511 4287 4543 4691 3223 4693 3458 3180 3512 3612 3546 3246 4599 3715 4932 4495 2830 3811 3579 3032 4741 4863 4923 3680 3015 3902 4144 2496 4452 4939 4581 4974 4024 4733 3825 4762 4524 4449 4926 4381 3812 3343 2327 2980 4154 4472 3808 4303 4714 3522 3332 4919 4215 3053 4319 4326 4391 4110 2109 4933 3030 3894 4510 4951 3847 4839 3943 4669 2631 4427 4862 3990 3570 3262 3536 3108 3252 3863 3654 4911 4437 4758 3683 4523 4127 2703 3036 2684 2603 4134 4983 2660 3183 4935 4003 4667 3281 4703 3619 4635 4577 4766 4582 4813 3410 2038 4591 4871 4917 2614 2271 3148 4039 4182 3445 3273 4979 3335 3165 3822 3583 4808 4393 2039 4315 4383 3295 3440 4790 4199 4982 4934 4948 3495 4023 2173 4011 4382 4869 4421 2717 3129 3893 4131 4965 4606 3793 4910 3172 3910 4367 4812 3778 4038 4475 4724 3371 3967 3519 3911 4726 4715 4043 4135 3469 2731 4083 27 
Distance: 617194.0170
Execution Time: 215.0000ms

Try number: 20
Start: 127
Goal: 2788
Path: 127 4414 4773 3799 4582 4813 3494 2748 4046 3520 4323 4989 3133 4811 4692 3750 4927 4799 4477 3963 4286 4939 4581 4974 4024 4733 3825 4762 4524 4449 4926 4381 3812 3343 2438 4711 4998 4738 3659 3078 3998 3630 4393 4808 4079 4081 2876 4725 3560 4727 4598 2812 4486 3462 4823 4975 4283 4487 2202 3809 4551 4886 4731 3579 3811 2830 4495 4932 3715 4599 3687 4503 4033 4429 3837 3603 3334 4423 3171 4380 4306 4941 3458 4693 3398 4971 4879 4308 3600 4591 4871 4917 4119 3365 4542 3381 3791 3853 3350 4476 2891 4022 4109 4579 3521 4367 4812 3778 4038 4475 4724 3371 3012 4320 3841 3306 3994 4534 2315 4647 2865 4928 4121 2821 4911 4437 4758 3683 4523 4127 2703 3036 2684 3368 3386 3871 2423 3745 3953 4737 3787 4060 2708 4327 4050 4156 3609 4930 2943 4991 4528 4190 4951 4510 3894 3030 4933 2458 3440 4790 4199 4982 4934 4948 3495 4023 2173 4011 4382 4869 4421 3093 3547 3017 2430 2262 4518 2956 3566 3983 4378 2511 4122 2134 2128 2670 4734 2806 2570 3748 4197 2415 4151 3411 3645 4392 4479 2122 4007 4030 3887 2912 4324 2875 4271 3936 4002 3775 2111 3962 3178 3919 3874 3751 3671 4117 4567 4635 3619 4703 3281 4667 4003 4935 2729 4765 4313 3231 4764 3470 3839 3500 3575 4420 2751 3153 3562 4358 4791 2471 4958 3389 3783 4063 4189 4646 4578 2294 4822 4446 4407 2910 2340 3824 4032 4316 4716 4083 3478 4334 3384 1977 3585 4321 2303 4115 3556 3607 4427 4862 3990 3570 3800 4863 4830 3891 3217 4166 3438 4126 3702 4815 3577 4350 3728 3373 3533 4990 3611 3806 3168 3233 3333 2515 4526 3463 4715 4043 4135 2774 3116 4761 2382 3913 3111 3300 4116 2733 4938 4668 3598 2425 2959 3581 4949 2298 4768 3292 4052 4207 2917 4543 4287 4511 2807 4373 2838 4566 2627 2286 2721 4146 4369 3503 4175 2015 2006 2669 4455 4560 4695 2989 3264 3138 2302 3321 2769 2093 3644 4262 4721 4434 3907 3517 3814 4885 4631 2798 2694 3322 4965 4606 3793 4910 4550 3647 4845 4302 4379 3407 2764 2459 3497 3774 2176 3942 3653 2119 2732 4814 4235 3761 4559 2899 2322 3870 2573 2767 2386 3903 4531 3100 4105 4729 2998 3220 3361 4470 2938 2334 2186 2981 2939 3022 4357 3198 4064 4450 4781 3059 3459 2727 3053 4319 4326 4391 3298 3710 4005 3836 2557 3662 4335 3862 2371 3181 2862 4714 4303 2686 2206 3179 4690 2095 3493 4847 2955 3866 3618 4945 3115 4663 3149 2064 4037 3487 3347 3595 3139 2758 2582 3393 4894 4739 2352 4769 3303 3071 2788 
Distance: 1168313.0501
Execution Time: 1076.0000ms

Mean Distance: 578640.5754
Mean Execution Time: 468.2000ms
